Episode number, episode RL score
960, 40
961, 30
962, 38
963, 37
964, 40
965, 38
966, 38
967, 18
968, 15
969, 40
970, 38
971, 11
972, 40
973, 38
974, 21
975, 42
976, 37
977, 21
978, 24
979, 32
1920, 46
1921, 26
1922, 35
1923, 10
1924, 42
1925, 30
1926, 44
1927, 11
1928, 28
1929, 32
1930, 26
1931, 31
1932, 34
1933, 33
1934, 15
1935, 24
1936, 16
1937, 25
1938, 23
1939, 32
2860, 38
2861, 40
2862, 40
2863, 38
2864, 40
2865, 34
2866, 18
2867, 44
2868, 7
2869, 32
2870, 36
2871, 42
2872, 42
2873, 38
2874, 40
2875, 46
2876, 44
2877, 42
2878, 46
2879, 34
3780, 36
3781, 30
3782, 34
3783, 44
3784, 44
3785, 50
3786, 44
3787, 33
3788, 42
3789, 42
3790, 32
3791, 24
3792, 33
3793, 38
3794, 28
3795, 34
3796, 29
3797, 42
3798, 29
3799, 42
4680, 4
4681, 7
4682, 5
4683, 22
4684, 6
4685, 11
4686, 5
4687, 4
4688, 6
4689, 17
4690, 5
4691, 13
4692, 7
4693, 5
4694, 7
4695, 5
4696, 23
4697, 6
4698, 14
4699, 5
5560, 37
5561, 15
5562, 20
5563, 15
5564, 27
5565, 21
5566, 12
5567, 19
5568, 15
5569, 9
5570, 10
5571, 10
5572, 21
5573, 24
5574, 15
5575, 9
5576, 31
5577, 32
5578, 34
5579, 13
6420, 21
6421, 23
6422, 19
6423, 19
6424, 23
6425, 21
6426, 18
6427, 27
6428, 24
6429, 21
6430, 24
6431, 24
6432, 18
6433, 19
6434, 23
6435, 25
6436, 23
6437, 22
6438, 22
6439, 29
7260, 28
7261, 38
7262, 40
7263, 40
7264, 36
7265, 32
7266, 13
7267, 42
7268, 42
7269, 32
7270, 36
7271, 44
7272, 40
7273, 36
7274, 42
7275, 31
7276, 18
7277, 13
7278, 36
7279, 44
8080, 34
8081, 27
8082, 18
8083, 10
8084, 33
8085, 27
8086, 27
8087, 14
8088, 30
8089, 19
8090, 26
8091, 16
8092, 36
8093, 36
8094, 41
8095, 32
8096, 18
8097, 27
8098, 24
8099, 34
8880, 25
8881, 34
8882, 32
8883, 15
8884, 29
8885, 29
8886, 21
8887, 26
8888, 25
8889, 10
8890, 23
8891, 23
8892, 28
8893, 30
8894, 28
8895, 23
8896, 30
8897, 24
8898, 22
8899, 26
9660, 24
9661, 22
9662, 20
9663, 25
9664, 20
9665, 22
9666, 24
9667, 21
9668, 24
9669, 24
9670, 23
9671, 23
9672, 24
9673, 19
9674, 26
9675, 21
9676, 26
9677, 20
9678, 21
9679, 18
10420, 42
10421, 35
10422, 40
10423, 44
10424, 40
10425, 38
10426, 36
10427, 38
10428, 42
10429, 35
10430, 34
10431, 42
10432, 36
10433, 42
10434, 38
10435, 38
10436, 40
10437, 38
10438, 42
10439, 42
11160, 31
11161, 24
11162, 35
11163, 32
11164, 31
11165, 27
11166, 22
11167, 33
11168, 35
11169, 28
11170, 34
11171, 32
11172, 31
11173, 28
11174, 27
11175, 30
11176, 31
11177, 30
11178, 32
11179, 22
11880, 4
11881, 9
11882, 22
11883, 30
11884, 7
11885, 33
11886, 8
11887, 7
11888, 19
11889, 36
11890, 7
11891, 15
11892, 26
11893, 24
11894, 22
11895, 29
11896, 28
11897, 28
11898, 31
11899, 28
12580, 11
12581, 28
12582, 23
12583, 29
12584, 22
12585, 14
12586, 29
12587, 7
12588, 39
12589, 30
12590, 13
12591, 30
12592, 28
12593, 30
12594, 31
12595, 29
12596, 17
12597, 33
12598, 36
12599, 10
13260, 21
13261, 12
13262, 17
13263, 33
13264, 21
13265, 25
13266, 25
13267, 28
13268, 10
13269, 15
13270, 23
13271, 23
13272, 36
13273, 12
13274, 28
13275, 18
13276, 27
13277, 23
13278, 22
13279, 23
13920, 42
13921, 39
13922, 42
13923, 30
13924, 33
13925, 37
13926, 38
13927, 37
13928, 44
13929, 28
13930, 44
13931, 33
13932, 44
13933, 38
13934, 46
13935, 44
13936, 42
13937, 44
13938, 42
13939, 44
14560, 23
14561, 23
14562, 22
14563, 25
14564, 18
14565, 24
14566, 22
14567, 20
14568, 21
14569, 22
14570, 21
14571, 27
14572, 23
14573, 22
14574, 24
14575, 26
14576, 24
14577, 19
14578, 22
14579, 25
15180, 35
15181, 23
15182, 38
15183, 28
15184, 21
15185, 30
15186, 30
15187, 24
15188, 32
15189, 26
15190, 31
15191, 30
15192, 34
15193, 25
15194, 39
15195, 31
15196, 29
15197, 27
15198, 23
15199, 44
15780, 13
15781, 13
15782, 8
15783, 5
15784, 7
15785, 10
15786, 8
15787, 7
15788, 8
15789, 17
15790, 6
15791, 9
15792, 26
15793, 10
15794, 10
15795, 6
15796, 6
15797, 4
15798, 3
15799, 26
16360, 30
16361, 20
16362, 26
16363, 24
16364, 33
16365, 26
16366, 23
16367, 18
16368, 19
16369, 32
16370, 25
16371, 19
16372, 31
16373, 32
16374, 20
16375, 31
16376, 20
16377, 33
16378, 20
16379, 22
16920, 42
16921, 36
16922, 34
16923, 38
16924, 38
16925, 38
16926, 35
16927, 44
16928, 40
16929, 32
16930, 46
16931, 40
16932, 46
16933, 42
16934, 42
16935, 40
16936, 33
16937, 44
16938, 31
16939, 44
17460, 21
17461, 29
17462, 20
17463, 23
17464, 24
17465, 21
17466, 22
17467, 24
17468, 24
17469, 20
17470, 24
17471, 22
17472, 21
17473, 24
17474, 18
17475, 19
17476, 18
17477, 10
17478, 22
17479, 18
17980, 6
17981, 9
17982, 5
17983, 5
17984, 14
17985, 10
17986, 2
17987, 6
17988, 4
17989, 8
17990, 6
17991, 6
17992, 4
17993, 19
17994, 4
17995, 9
17996, 8
17997, 6
17998, 6
17999, 4
18480, 30
18481, 23
18482, 27
18483, 27
18484, 28
18485, 32
18486, 31
18487, 28
18488, 22
18489, 24
18490, 31
18491, 28
18492, 37
18493, 32
18494, 32
18495, 24
18496, 26
18497, 29
18498, 28
18499, 28
18960, 22
18961, 10
18962, 24
18963, 24
18964, 16
18965, 21
18966, 23
18967, 22
18968, 18
18969, 26
18970, 23
18971, 22
18972, 22
18973, 13
18974, 22
18975, 22
18976, 29
18977, 27
18978, 20
18979, 26
19420, 18
19421, 44
19422, 19
19423, 37
19424, 33
19425, 40
19426, 31
19427, 36
19428, 40
19429, 34
19430, 38
19431, 21
19432, 30
19433, 25
19434, 30
19435, 36
19436, 35
19437, 23
19438, 33
19439, 40
19860, 46
19861, 40
19862, 22
19863, 42
19864, 32
19865, 40
19866, 32
19867, 34
19868, 44
19869, 42
19870, 19
19871, 19
19872, 38
19873, 14
19874, 36
19875, 40
19876, 12
19877, 40
19878, 21
19879, 38
20280, 35
20281, 30
20282, 32
20283, 31
20284, 32
20285, 29
20286, 31
20287, 26
20288, 28
20289, 27
20290, 32
20291, 31
20292, 34
20293, 27
20294, 29
20295, 27
20296, 29
20297, 24
20298, 30
20299, 29
20680, 17
20681, 22
20682, 44
20683, 29
20684, 31
20685, 26
20686, 10
20687, 18
20688, 24
20689, 44
20690, 17
20691, 19
20692, 40
20693, 23
20694, 31
20695, 31
20696, 20
20697, 28
20698, 44
20699, 32
21060, 20
21061, 42
21062, 32
21063, 27
21064, 26
21065, 44
21066, 22
21067, 28
21068, 44
21069, 3
21070, 36
21071, 33
21072, 23
21073, 50
21074, 24
21075, 21
21076, 38
21077, 29
21078, 4
21079, 35
21420, 40
21421, 15
21422, 40
21423, 12
21424, 44
21425, 42
21426, 23
21427, 21
21428, 31
21429, 29
21430, 42
21431, 26
21432, 42
21433, 42
21434, 32
21435, 6
21436, 32
21437, 40
21438, 27
21439, 48
21760, 21
21761, 32
21762, 28
21763, 30
21764, 36
21765, 30
21766, 42
21767, 8
21768, 39
21769, 23
21770, 27
21771, 16
21772, 27
21773, 30
21774, 31
21775, 21
21776, 32
21777, 40
21778, 35
21779, 42
22080, 40
22081, 46
22082, 34
22083, 40
22084, 36
22085, 38
22086, 42
22087, 38
22088, 38
22089, 44
22090, 40
22091, 40
22092, 44
22093, 40
22094, 5
22095, 38
22096, 44
22097, 42
22098, 40
22099, 28
22380, 23
22381, 42
22382, 15
22383, 38
22384, 42
22385, 38
22386, 22
22387, 36
22388, 40
22389, 44
22390, 36
22391, 42
22392, 17
22393, 12
22394, 40
22395, 25
22396, 46
22397, 22
22398, 38
22399, 44
22660, 43
22661, 42
22662, 36
22663, 46
22664, 30
22665, 38
22666, 38
22667, 36
22668, 37
22669, 32
22670, 42
22671, 38
22672, 32
22673, 36
22674, 33
22675, 32
22676, 40
22677, 40
22678, 36
22679, 40
22920, 46
22921, 42
22922, 44
22923, 38
22924, 12
22925, 44
22926, 10
22927, 11
22928, 44
22929, 40
22930, 42
22931, 13
22932, 37
22933, 42
22934, 44
22935, 40
22936, 40
22937, 38
22938, 7
22939, 21
23160, 33
23161, 31
23162, 27
23163, 23
23164, 27
23165, 19
23166, 28
23167, 26
23168, 28
23169, 31
23170, 26
23171, 26
23172, 25
23173, 25
23174, 21
23175, 27
23176, 26
23177, 24
23178, 24
23179, 12
23380, 38
23381, 32
23382, 19
23383, 38
23384, 33
23385, 31
23386, 38
23387, 31
23388, 37
23389, 29
23390, 25
23391, 22
23392, 44
23393, 19
23394, 42
23395, 48
23396, 12
23397, 34
23398, 40
23399, 38
23580, 19
23581, 38
23582, 36
23583, 15
23584, 40
23585, 46
23586, 7
23587, 32
23588, 27
23589, 39
23590, 30
23591, 36
23592, 26
23593, 23
23594, 46
23595, 43
23596, 38
23597, 38
23598, 25
23599, 35
23760, 14
23761, 23
23762, 40
23763, 42
23764, 44
23765, 36
23766, 26
23767, 25
23768, 5
23769, 6
23770, 22
23771, 25
23772, 44
23773, 15
23774, 42
23775, 24
23776, 8
23777, 21
23778, 6
23779, 40
23920, 20
23921, 11
23922, 21
23923, 13
23924, 30
23925, 39
23926, 44
23927, 36
23928, 40
23929, 42
23930, 44
23931, 44
23932, 35
23933, 28
23934, 11
23935, 13
23936, 26
23937, 28
23938, 7
23939, 25
24060, 32
24061, 42
24062, 44
24063, 36
24064, 36
24065, 48
24066, 38
24067, 21
24068, 44
24069, 11
24070, 42
24071, 38
24072, 40
24073, 42
24074, 26
24075, 42
24076, 34
24077, 35
24078, 42
24079, 22
24180, 24
24181, 20
24182, 16
24183, 24
24184, 24
24185, 24
24186, 23
24187, 24
24188, 26
24189, 21
24190, 25
24191, 24
24192, 24
24193, 21
24194, 23
24195, 25
24196, 18
24197, 19
24198, 23
24199, 22
24280, 38
24281, 38
24282, 42
24283, 38
24284, 42
24285, 38
24286, 40
24287, 40
24288, 15
24289, 42
24290, 9
24291, 40
24292, 42
24293, 42
24294, 34
24295, 46
24296, 14
24297, 30
24298, 46
24299, 44
24360, 33
24361, 38
24362, 24
24363, 25
24364, 22
24365, 29
24366, 23
24367, 33
24368, 21
24369, 27
24370, 32
24371, 29
24372, 24
24373, 29
24374, 26
24375, 33
24376, 20
24377, 20
24378, 27
24379, 21
24420, 8
24421, 16
24422, 8
24423, 9
24424, 9
24425, 19
24426, 26
24427, 6
24428, 11
24429, 5
24430, 23
24431, 8
24432, 10
24433, 18
24434, 8
24435, 19
24436, 7
24437, 5
24438, 6
24439, 9
24460, 22
24461, 21
24462, 23
24463, 12
24464, 24
24465, 23
24466, 22
24467, 22
24468, 20
24469, 24
24470, 17
24471, 17
24472, 24
24473, 23
24474, 21
24475, 24
24476, 23
24477, 25
24478, 22
24479, 25
24480, 42
24481, 33
24482, 23
24483, 38
24484, 46
24485, 38
24486, 44
24487, 34
24488, 21
24489, 21
24490, 42
24491, 25
24492, 9
24493, 44
24494, 44
24495, 46
24496, 44
24497, 18
24498, 42
24499, 18
