Episode number, episode RL score
980, 36
981, 38
982, 36
983, 14
984, 15
985, 20
986, 36
987, 12
988, 34
989, 36
990, 40
991, 38
992, 40
993, 34
994, 11
995, 34
996, 40
997, 24
998, 28
999, 34
1960, 12
1961, 11
1962, 21
1963, 34
1964, 25
1965, 40
1966, 42
1967, 24
1968, 12
1969, 17
1970, 25
1971, 28
1972, 14
1973, 40
1974, 27
1975, 30
1976, 25
1977, 35
1978, 30
1979, 17
2920, 36
2921, 46
2922, 36
2923, 7
2924, 38
2925, 38
2926, 38
2927, 40
2928, 40
2929, 38
2930, 36
2931, 32
2932, 34
2933, 36
2934, 34
2935, 40
2936, 38
2937, 12
2938, 42
2939, 42
3860, 30
3861, 29
3862, 42
3863, 32
3864, 37
3865, 29
3866, 28
3867, 33
3868, 38
3869, 29
3870, 44
3871, 32
3872, 35
3873, 30
3874, 31
3875, 29
3876, 40
3877, 28
3878, 38
3879, 44
4780, 10
4781, 4
4782, 13
4783, 6
4784, 7
4785, 16
4786, 4
4787, 3
4788, 6
4789, 7
4790, 10
4791, 3
4792, 5
4793, 6
4794, 6
4795, 8
4796, 8
4797, 5
4798, 2
4799, 4
5680, 7
5681, 22
5682, 18
5683, 34
5684, 17
5685, 22
5686, 30
5687, 11
5688, 30
5689, 21
5690, 13
5691, 30
5692, 8
5693, 38
5694, 16
5695, 33
5696, 30
5697, 20
5698, 24
5699, 11
6560, 17
6561, 20
6562, 23
6563, 24
6564, 23
6565, 26
6566, 18
6567, 20
6568, 20
6569, 18
6570, 19
6571, 25
6572, 23
6573, 27
6574, 15
6575, 25
6576, 25
6577, 22
6578, 22
6579, 23
7420, 14
7421, 38
7422, 23
7423, 38
7424, 34
7425, 36
7426, 38
7427, 22
7428, 34
7429, 40
7430, 36
7431, 44
7432, 36
7433, 34
7434, 42
7435, 38
7436, 36
7437, 36
7438, 38
7439, 48
8260, 5
8261, 15
8262, 26
8263, 23
8264, 27
8265, 13
8266, 18
8267, 10
8268, 8
8269, 29
8270, 14
8271, 5
8272, 20
8273, 25
8274, 37
8275, 17
8276, 32
8277, 24
8278, 23
8279, 32
9080, 27
9081, 24
9082, 31
9083, 5
9084, 25
9085, 31
9086, 23
9087, 22
9088, 36
9089, 20
9090, 19
9091, 25
9092, 29
9093, 27
9094, 27
9095, 27
9096, 29
9097, 29
9098, 28
9099, 29
9880, 20
9881, 15
9882, 19
9883, 20
9884, 22
9885, 20
9886, 22
9887, 20
9888, 23
9889, 22
9890, 25
9891, 23
9892, 16
9893, 17
9894, 19
9895, 21
9896, 25
9897, 18
9898, 23
9899, 22
10660, 35
10661, 36
10662, 34
10663, 29
10664, 25
10665, 33
10666, 40
10667, 40
10668, 38
10669, 40
10670, 31
10671, 44
10672, 40
10673, 33
10674, 42
10675, 40
10676, 34
10677, 38
10678, 40
10679, 44
11420, 27
11421, 26
11422, 25
11423, 28
11424, 25
11425, 33
11426, 29
11427, 29
11428, 28
11429, 26
11430, 27
11431, 28
11432, 26
11433, 26
11434, 33
11435, 30
11436, 27
11437, 23
11438, 26
11439, 35
12160, 36
12161, 13
12162, 18
12163, 21
12164, 28
12165, 18
12166, 13
12167, 27
12168, 12
12169, 18
12170, 3
12171, 10
12172, 4
12173, 9
12174, 22
12175, 17
12176, 10
12177, 7
12178, 16
12179, 6
12880, 26
12881, 14
12882, 19
12883, 22
12884, 33
12885, 40
12886, 35
12887, 25
12888, 21
12889, 13
12890, 40
12891, 32
12892, 34
12893, 38
12894, 40
12895, 21
12896, 26
12897, 37
12898, 9
12899, 18
13580, 9
13581, 29
13582, 22
13583, 29
13584, 24
13585, 5
13586, 34
13587, 26
13588, 26
13589, 11
13590, 32
13591, 18
13592, 18
13593, 31
13594, 22
13595, 7
13596, 27
13597, 23
13598, 23
13599, 17
14260, 33
14261, 29
14262, 26
14263, 25
14264, 38
14265, 40
14266, 42
14267, 42
14268, 40
14269, 40
14270, 42
14271, 42
14272, 38
14273, 31
14274, 25
14275, 27
14276, 27
14277, 37
14278, 31
14279, 33
14920, 21
14921, 21
14922, 18
14923, 24
14924, 18
14925, 21
14926, 22
14927, 28
14928, 22
14929, 19
14930, 20
14931, 20
14932, 23
14933, 32
14934, 27
14935, 25
14936, 16
14937, 25
14938, 21
14939, 21
15560, 27
15561, 23
15562, 26
15563, 22
15564, 29
15565, 23
15566, 22
15567, 28
15568, 29
15569, 36
15570, 24
15571, 23
15572, 20
15573, 24
15574, 29
15575, 26
15576, 37
15577, 31
15578, 33
15579, 23
16180, 7
16181, 3
16182, 8
16183, 7
16184, 6
16185, 20
16186, 4
16187, 3
16188, 5
16189, 3
16190, 6
16191, 9
16192, 14
16193, 5
16194, 20
16195, 3
16196, 7
16197, 16
16198, 7
16199, 29
16780, 25
16781, 23
16782, 23
16783, 33
16784, 24
16785, 30
16786, 20
16787, 24
16788, 25
16789, 24
16790, 20
16791, 18
16792, 25
16793, 26
16794, 21
16795, 26
16796, 30
16797, 25
16798, 24
16799, 20
17360, 40
17361, 36
17362, 42
17363, 31
17364, 34
17365, 36
17366, 38
17367, 34
17368, 36
17369, 38
17370, 39
17371, 36
17372, 40
17373, 38
17374, 36
17375, 44
17376, 40
17377, 38
17378, 37
17379, 36
17920, 20
17921, 30
17922, 21
17923, 21
17924, 24
17925, 22
17926, 23
17927, 20
17928, 21
17929, 22
17930, 22
17931, 24
17932, 23
17933, 20
17934, 22
17935, 21
17936, 20
17937, 22
17938, 25
17939, 11
18460, 8
18461, 6
18462, 8
18463, 7
18464, 6
18465, 7
18466, 6
18467, 5
18468, 15
18469, 8
18470, 10
18471, 6
18472, 10
18473, 6
18474, 5
18475, 9
18476, 13
18477, 5
18478, 6
18479, 4
18980, 30
18981, 26
18982, 25
18983, 26
18984, 27
18985, 31
18986, 27
18987, 28
18988, 27
18989, 30
18990, 11
18991, 30
18992, 19
18993, 26
18994, 27
18995, 28
18996, 25
18997, 24
18998, 28
18999, 27
19480, 19
19481, 23
19482, 22
19483, 21
19484, 19
19485, 24
19486, 19
19487, 24
19488, 19
19489, 21
19490, 23
19491, 24
19492, 17
19493, 21
19494, 21
19495, 19
19496, 20
19497, 25
19498, 23
19499, 23
19960, 32
19961, 23
19962, 36
19963, 32
19964, 27
19965, 30
19966, 32
19967, 23
19968, 27
19969, 31
19970, 31
19971, 32
19972, 40
19973, 37
19974, 36
19975, 20
19976, 23
19977, 30
19978, 40
19979, 40
20420, 20
20421, 12
20422, 13
20423, 15
20424, 36
20425, 20
20426, 40
20427, 38
20428, 24
20429, 10
20430, 34
20431, 38
20432, 36
20433, 20
20434, 26
20435, 23
20436, 21
20437, 42
20438, 5
20439, 18
20860, 26
20861, 16
20862, 9
20863, 27
20864, 9
20865, 22
20866, 25
20867, 31
20868, 24
20869, 23
20870, 25
20871, 26
20872, 25
20873, 23
20874, 33
20875, 27
20876, 31
20877, 13
20878, 16
20879, 18
21280, 31
21281, 28
21282, 28
21283, 28
21284, 27
21285, 28
21286, 29
21287, 29
21288, 30
21289, 28
21290, 27
21291, 25
21292, 27
21293, 29
21294, 27
21295, 24
21296, 27
21297, 30
21298, 32
21299, 32
21680, 25
21681, 20
21682, 30
21683, 18
21684, 8
21685, 32
21686, 18
21687, 33
21688, 36
21689, 38
21690, 28
21691, 27
21692, 27
21693, 17
21694, 34
21695, 24
21696, 37
21697, 28
21698, 42
21699, 38
22060, 33
22061, 35
22062, 17
22063, 18
22064, 42
22065, 38
22066, 31
22067, 42
22068, 2
22069, 11
22070, 22
22071, 36
22072, 14
22073, 17
22074, 38
22075, 23
22076, 30
22077, 19
22078, 38
22079, 23
22420, 42
22421, 7
22422, 36
22423, 7
22424, 20
22425, 14
22426, 18
22427, 9
22428, 27
22429, 19
22430, 19
22431, 17
22432, 23
22433, 26
22434, 46
22435, 7
22436, 14
22437, 24
22438, 42
22439, 36
22760, 29
22761, 16
22762, 34
22763, 26
22764, 42
22765, 38
22766, 44
22767, 35
22768, 35
22769, 42
22770, 26
22771, 25
22772, 32
22773, 12
22774, 40
22775, 17
22776, 20
22777, 34
22778, 42
22779, 30
23080, 42
23081, 7
23082, 36
23083, 6
23084, 40
23085, 30
23086, 40
23087, 42
23088, 38
23089, 40
23090, 44
23091, 46
23092, 40
23093, 38
23094, 42
23095, 36
23096, 8
23097, 36
23098, 40
23099, 40
23380, 15
23381, 38
23382, 25
23383, 9
23384, 36
23385, 17
23386, 28
23387, 44
23388, 44
23389, 38
23390, 19
23391, 40
23392, 40
23393, 17
23394, 27
23395, 38
23396, 36
23397, 27
23398, 40
23399, 42
23660, 32
23661, 35
23662, 35
23663, 33
23664, 38
23665, 35
23666, 38
23667, 36
23668, 32
23669, 38
23670, 38
23671, 36
23672, 35
23673, 38
23674, 37
23675, 33
23676, 34
23677, 28
23678, 37
23679, 40
23920, 23
23921, 38
23922, 36
23923, 40
23924, 42
23925, 40
23926, 40
23927, 32
23928, 40
23929, 27
23930, 36
23931, 17
23932, 36
23933, 40
23934, 35
23935, 38
23936, 33
23937, 40
23938, 19
23939, 42
24160, 24
24161, 25
24162, 24
24163, 23
24164, 27
24165, 23
24166, 29
24167, 24
24168, 25
24169, 17
24170, 20
24171, 24
24172, 26
24173, 23
24174, 23
24175, 22
24176, 21
24177, 24
24178, 28
24179, 23
24380, 9
24381, 12
24382, 15
24383, 25
24384, 40
24385, 10
24386, 20
24387, 40
24388, 13
24389, 30
24390, 26
24391, 19
24392, 11
24393, 35
24394, 25
24395, 22
24396, 8
24397, 36
24398, 25
24399, 25
24580, 42
24581, 20
24582, 27
24583, 34
24584, 33
24585, 15
24586, 39
24587, 36
24588, 40
24589, 16
24590, 22
24591, 33
24592, 36
24593, 28
24594, 40
24595, 10
24596, 9
24597, 20
24598, 31
24599, 13
24760, 12
24761, 3
24762, 36
24763, 19
24764, 20
24765, 18
24766, 18
24767, 40
24768, 23
24769, 24
24770, 20
24771, 46
24772, 27
24773, 32
24774, 34
24775, 15
24776, 38
24777, 8
24778, 21
24779, 21
24920, 23
24921, 24
24922, 41
24923, 32
24924, 34
24925, 15
24926, 12
24927, 22
24928, 27
24929, 8
24930, 18
24931, 34
24932, 42
24933, 26
24934, 38
24935, 29
24936, 27
24937, 22
24938, 32
24939, 32
25060, 40
25061, 44
25062, 33
25063, 15
25064, 22
25065, 26
25066, 34
25067, 15
25068, 18
25069, 44
25070, 35
25071, 42
25072, 11
25073, 29
25074, 34
25075, 36
25076, 34
25077, 30
25078, 20
25079, 40
25180, 21
25181, 23
25182, 20
25183, 22
25184, 25
25185, 23
25186, 22
25187, 26
25188, 20
25189, 22
25190, 24
25191, 19
25192, 23
25193, 22
25194, 21
25195, 22
25196, 22
25197, 20
25198, 22
25199, 21
25280, 36
25281, 36
25282, 32
25283, 32
25284, 40
25285, 38
25286, 24
25287, 38
25288, 42
25289, 34
25290, 24
25291, 34
25292, 38
25293, 12
25294, 28
25295, 23
25296, 22
25297, 40
25298, 36
25299, 28
25360, 29
25361, 27
25362, 26
25363, 25
25364, 30
25365, 22
25366, 27
25367, 21
25368, 25
25369, 33
25370, 20
25371, 28
25372, 26
25373, 24
25374, 26
25375, 31
25376, 23
25377, 26
25378, 24
25379, 30
25420, 35
25421, 13
25422, 8
25423, 26
25424, 10
25425, 4
25426, 21
25427, 8
25428, 15
25429, 10
25430, 19
25431, 6
25432, 14
25433, 5
25434, 22
25435, 8
25436, 22
25437, 20
25438, 8
25439, 6
25460, 18
25461, 18
25462, 20
25463, 18
25464, 24
25465, 21
25466, 25
25467, 22
25468, 24
25469, 20
25470, 22
25471, 22
25472, 23
25473, 22
25474, 8
25475, 20
25476, 17
25477, 22
25478, 22
25479, 24
25480, 38
25481, 32
25482, 38
25483, 28
25484, 42
25485, 40
25486, 44
25487, 14
25488, 30
25489, 37
25490, 38
25491, 40
25492, 38
25493, 6
25494, 9
25495, 38
25496, 34
25497, 36
25498, 36
25499, 36
