Episode number, episode RL score
0, 26
1, 29
2, 25
3, 34
4, 29
5, 26
6, 30
7, 29
8, 29
9, 31
10, 23
11, 30
12, 22
13, 31
14, 32
15, 31
16, 29
17, 32
18, 29
19, 31
0, 28
1, 23
2, 26
3, 23
4, 26
5, 23
6, 25
7, 28
8, 24
9, 26
10, 23
11, 24
12, 22
13, 24
14, 15
15, 30
16, 20
17, 25
18, 26
19, 30
0, 36
1, 42
2, 40
3, 40
4, 42
5, 31
6, 40
7, 36
8, 38
9, 42
10, 38
11, 37
12, 42
13, 40
14, 33
15, 31
16, 44
17, 40
18, 42
19, 40
0, 38
1, 44
2, 44
3, 42
4, 40
5, 44
6, 24
7, 14
8, 40
9, 25
10, 42
11, 26
12, 23
13, 34
14, 30
15, 30
16, 36
17, 38
18, 27
19, 42
0, 4
1, 12
2, 4
3, 7
4, 22
5, 5
6, 2
7, 4
8, 5
9, 2
10, 6
11, 9
12, 6
13, 2
14, 7
15, 8
16, 6
17, 4
18, 5
19, 15
0, 44
1, 38
2, 10
3, 38
4, 44
5, 40
6, 38
7, 38
8, 44
9, 34
10, 38
11, 25
12, 32
13, 21
14, 40
15, 39
16, 44
17, 36
18, 42
19, 25
0, 32
1, 30
2, 28
3, 27
4, 34
5, 27
6, 27
7, 27
8, 28
9, 27
10, 28
11, 31
12, 26
13, 32
14, 30
15, 30
16, 32
17, 28
18, 28
19, 33
0, 24
1, 23
2, 26
3, 22
4, 21
5, 20
6, 24
7, 21
8, 26
9, 21
10, 22
11, 25
12, 20
13, 20
14, 20
15, 23
16, 24
17, 19
18, 25
19, 24
0, 21
1, 22
2, 22
3, 19
4, 24
5, 24
6, 22
7, 21
8, 20
9, 24
10, 24
11, 24
12, 24
13, 14
14, 18
15, 23
16, 21
17, 25
18, 17
19, 21
0, 19
1, 38
2, 27
3, 36
4, 3
5, 34
6, 38
7, 9
8, 40
9, 40
10, 40
11, 37
12, 38
13, 40
14, 30
15, 37
16, 35
17, 9
18, 40
19, 38
0, 27
1, 19
2, 23
3, 29
4, 12
5, 37
6, 15
7, 34
8, 23
9, 33
10, 37
11, 21
12, 34
13, 17
14, 30
15, 14
16, 22
17, 7
18, 16
19, 23
0, 16
1, 37
2, 24
3, 36
4, 38
5, 36
6, 24
7, 30
8, 18
9, 25
10, 27
11, 33
12, 44
13, 37
14, 34
15, 22
16, 27
17, 38
18, 36
19, 34
0, 19
1, 11
2, 9
3, 30
4, 20
5, 26
6, 30
7, 7
8, 29
9, 15
10, 30
11, 28
12, 6
13, 18
14, 25
15, 8
16, 7
17, 21
18, 8
19, 26
0, 36
1, 7
2, 27
3, 25
4, 36
5, 22
6, 41
7, 38
8, 25
9, 15
10, 44
11, 44
12, 30
13, 29
14, 40
15, 34
16, 38
17, 26
18, 9
19, 25
0, 42
1, 21
2, 11
3, 33
4, 27
5, 27
6, 27
7, 25
8, 36
9, 38
10, 15
11, 36
12, 22
13, 15
14, 42
15, 31
16, 22
17, 27
18, 24
19, 40
0, 31
1, 30
2, 34
3, 33
4, 33
5, 31
6, 26
7, 28
8, 33
9, 29
10, 24
11, 27
12, 31
13, 27
14, 26
15, 30
16, 35
17, 26
18, 34
19, 27
0, 27
1, 31
2, 28
3, 30
4, 23
5, 24
6, 33
7, 25
8, 36
9, 40
10, 32
11, 31
12, 28
13, 34
14, 34
15, 34
16, 35
17, 27
18, 35
19, 38
0, 22
1, 19
2, 22
3, 10
4, 22
5, 21
6, 21
7, 19
8, 26
9, 26
10, 22
11, 25
12, 18
13, 23
14, 22
15, 25
16, 21
17, 20
18, 22
19, 22
0, 44
1, 19
2, 36
3, 44
4, 36
5, 23
6, 42
7, 32
8, 42
9, 37
10, 9
11, 38
12, 36
13, 27
14, 14
15, 40
16, 25
17, 39
18, 31
19, 32
0, 20
1, 30
2, 20
3, 17
4, 10
5, 26
6, 19
7, 8
8, 19
9, 13
10, 9
11, 29
12, 31
13, 36
14, 6
15, 19
16, 21
17, 26
18, 26
19, 44
0, 32
1, 38
2, 44
3, 13
4, 44
5, 42
6, 38
7, 9
8, 42
9, 38
10, 20
11, 40
12, 44
13, 28
14, 42
15, 29
16, 8
17, 40
18, 46
19, 31
0, 38
1, 44
2, 23
3, 25
4, 19
5, 31
6, 40
7, 38
8, 11
9, 38
10, 38
11, 21
12, 42
13, 38
14, 11
15, 38
16, 40
17, 38
18, 19
19, 28
0, 44
1, 42
2, 38
3, 23
4, 36
5, 40
6, 38
7, 38
8, 44
9, 38
10, 40
11, 40
12, 42
13, 36
14, 40
15, 44
16, 46
17, 42
18, 22
19, 36
0, 24
1, 23
2, 23
3, 24
4, 16
5, 24
6, 23
7, 19
8, 26
9, 18
10, 23
11, 8
12, 20
13, 21
14, 20
15, 18
16, 21
17, 22
18, 25
19, 24
0, 21
1, 22
2, 31
3, 26
4, 36
5, 23
6, 20
7, 23
8, 29
9, 26
10, 24
11, 43
12, 32
13, 22
14, 25
15, 25
16, 33
17, 28
18, 18
19, 25
0, 28
1, 31
2, 46
3, 25
4, 15
5, 19
6, 38
7, 30
8, 13
9, 31
10, 34
11, 38
12, 29
13, 25
14, 42
15, 27
16, 19
17, 36
18, 11
19, 28
0, 38
1, 40
2, 37
3, 42
4, 32
5, 38
6, 42
7, 40
8, 42
9, 38
10, 38
11, 44
12, 36
13, 42
14, 44
15, 32
16, 34
17, 37
18, 38
19, 38
0, 42
1, 46
2, 38
3, 40
4, 17
5, 44
6, 40
7, 38
8, 36
9, 40
10, 37
11, 15
12, 38
13, 34
14, 9
15, 34
16, 42
17, 44
18, 9
19, 38
0, 20
1, 21
2, 22
3, 19
4, 22
5, 23
6, 23
7, 20
8, 21
9, 21
10, 25
11, 26
12, 24
13, 25
14, 19
15, 26
16, 20
17, 20
18, 20
19, 20
0, 8
1, 6
2, 10
3, 7
4, 22
5, 7
6, 6
7, 5
8, 5
9, 12
10, 5
11, 19
12, 4
13, 11
14, 11
15, 6
16, 7
17, 3
18, 3
19, 8
0, 5
1, 7
2, 15
3, 4
4, 15
5, 2
6, 26
7, 18
8, 27
9, 4
10, 21
11, 13
12, 18
13, 4
14, 7
15, 5
16, 7
17, 10
18, 29
