Episode number, episode RL score
980, 23
981, 30
982, 22
983, 31
984, 27
985, 28
986, 28
987, 28
988, 32
989, 23
990, 27
991, 29
992, 25
993, 26
994, 28
995, 14
996, 24
997, 31
998, 33
999, 21
1960, 24
1961, 23
1962, 23
1963, 21
1964, 23
1965, 30
1966, 22
1967, 24
1968, 25
1969, 31
1970, 28
1971, 20
1972, 24
1973, 22
1974, 26
1975, 30
1976, 26
1977, 22
1978, 24
1979, 23
2920, 42
2921, 44
2922, 44
2923, 38
2924, 44
2925, 42
2926, 42
2927, 42
2928, 38
2929, 40
2930, 40
2931, 36
2932, 38
2933, 33
2934, 29
2935, 44
2936, 38
2937, 35
2938, 38
2939, 40
3860, 36
3861, 29
3862, 42
3863, 37
3864, 11
3865, 40
3866, 24
3867, 37
3868, 21
3869, 36
3870, 18
3871, 22
3872, 44
3873, 40
3874, 37
3875, 25
3876, 35
3877, 32
3878, 39
3879, 44
4780, 9
4781, 3
4782, 3
4783, 1
4784, 9
4785, 5
4786, 3
4787, 13
4788, 9
4789, 10
4790, 4
4791, 8
4792, 3
4793, 7
4794, 5
4795, 7
4796, 9
4797, 11
4798, 3
4799, 5
5680, 7
5681, 38
5682, 44
5683, 32
5684, 14
5685, 15
5686, 40
5687, 14
5688, 42
5689, 12
5690, 34
5691, 44
5692, 40
5693, 38
5694, 25
5695, 27
5696, 42
5697, 40
5698, 37
5699, 44
6560, 31
6561, 24
6562, 26
6563, 25
6564, 29
6565, 31
6566, 26
6567, 28
6568, 30
6569, 31
6570, 29
6571, 34
6572, 30
6573, 27
6574, 22
6575, 25
6576, 33
6577, 30
6578, 32
6579, 27
7420, 26
7421, 22
7422, 20
7423, 20
7424, 19
7425, 17
7426, 19
7427, 22
7428, 24
7429, 22
7430, 25
7431, 20
7432, 22
7433, 24
7434, 20
7435, 25
7436, 25
7437, 24
7438, 25
7439, 21
8260, 24
8261, 18
8262, 21
8263, 25
8264, 20
8265, 19
8266, 22
8267, 22
8268, 20
8269, 23
8270, 17
8271, 21
8272, 19
8273, 25
8274, 22
8275, 18
8276, 19
8277, 17
8278, 21
8279, 25
9080, 42
9081, 42
9082, 36
9083, 40
9084, 31
9085, 12
9086, 12
9087, 38
9088, 42
9089, 46
9090, 32
9091, 36
9092, 38
9093, 34
9094, 38
9095, 28
9096, 28
9097, 34
9098, 36
9099, 36
9880, 19
9881, 14
9882, 37
9883, 32
9884, 32
9885, 44
9886, 25
9887, 15
9888, 15
9889, 32
9890, 24
9891, 32
9892, 15
9893, 10
9894, 20
9895, 29
9896, 15
9897, 31
9898, 39
9899, 6
10660, 33
10661, 29
10662, 40
10663, 32
10664, 22
10665, 23
10666, 36
10667, 25
10668, 20
10669, 33
10670, 42
10671, 36
10672, 31
10673, 27
10674, 40
10675, 17
10676, 25
10677, 27
10678, 36
10679, 36
11420, 4
11421, 17
11422, 21
11423, 26
11424, 27
11425, 18
11426, 22
11427, 13
11428, 13
11429, 30
11430, 34
11431, 18
11432, 16
11433, 12
11434, 18
11435, 24
11436, 10
11437, 30
11438, 28
11439, 28
12160, 19
12161, 35
12162, 38
12163, 27
12164, 31
12165, 11
12166, 40
12167, 36
12168, 32
12169, 27
12170, 38
12171, 31
12172, 30
12173, 36
12174, 30
12175, 23
12176, 25
12177, 22
12178, 23
12179, 24
12880, 19
12881, 13
12882, 44
12883, 23
12884, 38
12885, 36
12886, 31
12887, 32
12888, 26
12889, 40
12890, 16
12891, 14
12892, 29
12893, 15
12894, 29
12895, 34
12896, 21
12897, 27
12898, 21
12899, 21
13580, 30
13581, 30
13582, 26
13583, 32
13584, 28
13585, 29
13586, 27
13587, 25
13588, 30
13589, 27
13590, 36
13591, 26
13592, 26
13593, 23
13594, 26
13595, 27
13596, 29
13597, 25
13598, 28
13599, 28
14260, 34
14261, 35
14262, 23
14263, 21
14264, 28
14265, 30
14266, 28
14267, 27
14268, 29
14269, 27
14270, 29
14271, 31
14272, 22
14273, 32
14274, 31
14275, 18
14276, 23
14277, 19
14278, 31
14279, 26
14920, 23
14921, 22
14922, 19
14923, 20
14924, 26
14925, 24
14926, 22
14927, 17
14928, 19
14929, 24
14930, 24
14931, 26
14932, 21
14933, 17
14934, 25
14935, 13
14936, 19
14937, 22
14938, 20
14939, 21
15560, 46
15561, 25
15562, 31
15563, 10
15564, 23
15565, 41
15566, 10
15567, 30
15568, 37
15569, 8
15570, 34
15571, 25
15572, 29
15573, 23
15574, 38
15575, 28
15576, 39
15577, 44
15578, 20
15579, 28
16180, 26
16181, 5
16182, 25
16183, 11
16184, 14
16185, 24
16186, 5
16187, 33
16188, 21
16189, 20
16190, 20
16191, 15
16192, 14
16193, 24
16194, 11
16195, 13
16196, 28
16197, 16
16198, 9
16199, 7
16780, 40
16781, 42
16782, 29
16783, 11
16784, 29
16785, 40
16786, 42
16787, 15
16788, 38
16789, 5
16790, 13
16791, 38
16792, 36
16793, 36
16794, 16
16795, 36
16796, 21
16797, 42
16798, 44
16799, 23
17360, 22
17361, 25
17362, 11
17363, 40
17364, 35
17365, 18
17366, 46
17367, 38
17368, 26
17369, 18
17370, 33
17371, 42
17372, 14
17373, 19
17374, 35
17375, 32
17376, 8
17377, 44
17378, 8
17379, 13
17920, 40
17921, 44
17922, 44
17923, 34
17924, 34
17925, 38
17926, 36
17927, 22
17928, 40
17929, 38
17930, 42
17931, 40
17932, 42
17933, 40
17934, 36
17935, 42
17936, 40
17937, 40
17938, 38
17939, 42
18460, 11
18461, 21
18462, 19
18463, 26
18464, 25
18465, 22
18466, 20
18467, 24
18468, 23
18469, 20
18470, 21
18471, 22
18472, 20
18473, 18
18474, 19
18475, 22
18476, 22
18477, 18
18478, 23
18479, 22
18980, 32
18981, 25
18982, 18
18983, 21
18984, 26
18985, 25
18986, 24
18987, 24
18988, 18
18989, 21
18990, 23
18991, 25
18992, 26
18993, 25
18994, 17
18995, 27
18996, 21
18997, 22
18998, 17
18999, 37
19480, 11
19481, 29
19482, 29
19483, 23
19484, 38
19485, 26
19486, 37
19487, 25
19488, 20
19489, 26
19490, 29
19491, 30
19492, 26
19493, 25
19494, 25
19495, 27
19496, 32
19497, 26
19498, 38
19499, 10
19960, 38
19961, 42
19962, 34
19963, 34
19964, 36
19965, 29
19966, 36
19967, 39
19968, 38
19969, 35
19970, 38
19971, 36
19972, 34
19973, 38
19974, 42
19975, 34
19976, 30
19977, 38
19978, 42
19979, 35
20420, 33
20421, 32
20422, 44
20423, 40
20424, 35
20425, 40
20426, 42
20427, 17
20428, 11
20429, 24
20430, 17
20431, 36
20432, 44
20433, 38
20434, 34
20435, 26
20436, 40
20437, 34
20438, 38
20439, 34
20860, 21
20861, 25
20862, 23
20863, 26
20864, 19
20865, 25
20866, 20
20867, 21
20868, 23
20869, 25
20870, 19
20871, 16
20872, 17
20873, 19
20874, 21
20875, 22
20876, 22
20877, 21
20878, 22
20879, 21
21280, 19
21281, 12
21282, 5
21283, 6
21284, 3
21285, 8
21286, 14
21287, 15
21288, 4
21289, 14
21290, 3
21291, 2
21292, 2
21293, 8
21294, 13
21295, 2
21296, 5
21297, 5
21298, 1
21299, 6
21680, 6
21681, 4
21682, 7
21683, 13
21684, 24
21685, 7
21686, 13
21687, 4
21688, 13
21689, 10
21690, 12
21691, 4
21692, 6
21693, 5
21694, 3
21695, 14
21696, 14
21697, 6
21698, 4
21699, 4
22060, 7
22061, 32
22062, 34
22063, 19
22064, 36
22065, 34
22066, 42
22067, 6
22068, 38
22069, 38
22070, 36
22071, 42
22072, 13
22073, 36
22074, 40
22075, 32
22076, 32
22077, 15
22078, 38
22079, 15
22420, 30
22421, 37
22422, 28
22423, 28
22424, 32
22425, 24
22426, 34
22427, 34
22428, 20
22429, 3
22430, 6
22431, 35
22432, 24
22433, 30
22434, 24
22435, 21
22436, 19
