Episode number, episode RL score
980, 11
981, 12
982, 10
983, 8
984, 18
985, 5
986, 6
987, 13
988, 16
989, 3
990, 7
991, 6
992, 24
993, 7
994, 5
995, 12
996, 3
997, 14
998, 9
999, 12
1960, 5
1961, 7
1962, 10
1963, 10
1964, 6
1965, 6
1966, 4
1967, 7
1968, 5
1969, 2
1970, 4
1971, 6
1972, 7
1973, 5
1974, 7
1975, 6
1976, 5
1977, 6
1978, 3
1979, 3
2920, 14
2921, 11
2922, 9
2923, 11
2924, 8
2925, 10
2926, 13
2927, 6
2928, 10
2929, 21
2930, 13
2931, 13
2932, 6
2933, 11
2934, 6
2935, 7
2936, 5
2937, 6
2938, 5
2939, 6
3860, 24
3861, 20
3862, 25
3863, 18
3864, 18
3865, 19
3866, 16
3867, 20
3868, 24
3869, 16
3870, 21
3871, 22
3872, 23
3873, 26
3874, 17
3875, 21
3876, 21
3877, 24
3878, 19
3879, 18
4780, 8
4781, 5
4782, 5
4783, 5
4784, 5
4785, 5
4786, 5
4787, 2
4788, 8
4789, 9
4790, 6
4791, 6
4792, 2
4793, 7
4794, 4
4795, 6
4796, 7
4797, 4
4798, 8
4799, 5
5680, 16
5681, 12
5682, 13
5683, 14
5684, 8
5685, 4
5686, 5
5687, 7
5688, 5
5689, 15
5690, 4
5691, 15
5692, 15
5693, 12
5694, 17
5695, 12
5696, 6
5697, 9
5698, 11
5699, 7
6560, 42
6561, 40
6562, 38
6563, 22
6564, 31
6565, 28
6566, 9
6567, 38
6568, 39
6569, 20
6570, 25
6571, 38
6572, 36
6573, 36
6574, 1
6575, 32
6576, 42
6577, 27
6578, 42
6579, 34
7420, 4
7421, 6
7422, 7
7423, 6
7424, 6
7425, 7
7426, 13
7427, 12
7428, 11
7429, 8
7430, 4
7431, 7
7432, 7
7433, 9
7434, 4
7435, 6
7436, 10
7437, 9
7438, 9
7439, 10
8260, 4
8261, 7
8262, 7
8263, 8
8264, 4
8265, 8
8266, 5
8267, 4
8268, 5
8269, 6
8270, 6
8271, 5
8272, 8
8273, 4
8274, 6
8275, 5
8276, 6
8277, 5
8278, 5
8279, 8
9080, 2
9081, 7
9082, 6
9083, 4
9084, 6
9085, 5
9086, 6
9087, 4
9088, 6
9089, 5
9090, 3
9091, 7
9092, 6
9093, 5
9094, 4
9095, 8
9096, 6
9097, 6
9098, 5
9099, 9
9880, 6
9881, 7
9882, 5
9883, 6
9884, 13
9885, 8
9886, 4
9887, 12
9888, 12
9889, 5
9890, 7
9891, 11
9892, 5
9893, 6
9894, 9
9895, 3
9896, 11
9897, 9
9898, 1
9899, 9
10660, 8
10661, 6
10662, 4
10663, 4
10664, 8
10665, 6
10666, 6
10667, 6
10668, 3
10669, 6
10670, 4
10671, 2
10672, 4
10673, 5
10674, 5
10675, 1
10676, 5
10677, 5
10678, 7
10679, 7
11420, 28
11421, 35
11422, 16
11423, 30
11424, 39
11425, 37
11426, 32
11427, 18
11428, 29
11429, 19
11430, 27
11431, 18
11432, 17
11433, 20
11434, 39
11435, 20
11436, 27
11437, 28
11438, 7
11439, 35
12160, 6
12161, 2
12162, 6
12163, 5
12164, 5
12165, 1
12166, 6
12167, 3
12168, 7
12169, 5
12170, 7
12171, 5
12172, 6
12173, 3
12174, 7
12175, 7
12176, 8
12177, 6
12178, 8
12179, 2
12880, 7
12881, 26
12882, 8
12883, 16
12884, 8
12885, 17
12886, 9
12887, 6
12888, 18
12889, 21
12890, 10
12891, 10
12892, 7
12893, 10
12894, 9
12895, 15
12896, 15
12897, 5
12898, 9
12899, 5
13580, 6
13581, 9
13582, 8
13583, 12
13584, 2
13585, 5
13586, 6
13587, 2
13588, 6
13589, 9
13590, 4
13591, 7
13592, 7
13593, 11
13594, 5
13595, 15
13596, 13
13597, 11
13598, 6
13599, 5
14260, 5
14261, 3
14262, 4
14263, 7
14264, 8
14265, 4
14266, 8
14267, 3
14268, 6
14269, 5
14270, 3
14271, 6
14272, 7
14273, 9
14274, 4
14275, 4
14276, 5
14277, 5
14278, 4
14279, 6
14920, 10
14921, 6
14922, 6
14923, 4
14924, 6
14925, 6
14926, 9
14927, 6
14928, 5
14929, 12
14930, 6
14931, 11
14932, 7
14933, 9
14934, 10
14935, 6
14936, 10
14937, 6
14938, 7
14939, 4
15560, 17
15561, 26
15562, 17
15563, 19
15564, 22
15565, 15
15566, 18
15567, 17
15568, 21
15569, 18
15570, 20
15571, 24
15572, 23
15573, 17
15574, 17
15575, 23
15576, 18
15577, 23
15578, 17
15579, 16
16180, 42
16181, 26
16182, 31
16183, 29
16184, 21
16185, 10
16186, 20
16187, 11
16188, 33
16189, 21
16190, 8
16191, 23
16192, 33
16193, 32
16194, 22
16195, 21
16196, 34
16197, 23
16198, 31
16199, 8
16780, 8
16781, 27
16782, 12
16783, 4
16784, 13
16785, 38
16786, 8
16787, 13
16788, 2
16789, 36
16790, 21
16791, 12
16792, 9
16793, 30
16794, 10
16795, 40
16796, 34
16797, 36
16798, 30
16799, 27
17360, 22
17361, 13
17362, 11
17363, 9
17364, 9
17365, 9
17366, 11
17367, 14
17368, 11
17369, 16
17370, 13
17371, 16
17372, 11
17373, 13
17374, 14
17375, 11
17376, 22
17377, 13
17378, 11
17379, 13
17920, 10
17921, 5
17922, 9
17923, 19
17924, 17
17925, 12
17926, 11
17927, 10
17928, 11
17929, 11
17930, 15
17931, 2
17932, 4
17933, 8
17934, 6
17935, 8
17936, 3
17937, 9
17938, 8
17939, 7
18460, 8
18461, 8
18462, 8
18463, 3
18464, 4
18465, 5
18466, 1
18467, 2
18468, 5
18469, 7
18470, 7
18471, 7
18472, 6
18473, 5
18474, 5
18475, 8
18476, 8
18477, 7
18478, 4
18479, 7
18980, 5
18981, 6
18982, 7
18983, 7
18984, 5
18985, 5
18986, 5
18987, 3
18988, 4
18989, 3
18990, 8
18991, 5
18992, 4
18993, 3
18994, 6
18995, 5
18996, 6
18997, 4
18998, 8
18999, 4
19480, 9
19481, 4
19482, 5
19483, 4
19484, 4
19485, 20
19486, 2
19487, 39
19488, 5
19489, 37
19490, 14
19491, 10
19492, 24
19493, 7
19494, 8
19495, 6
19496, 28
19497, 6
19498, 3
19499, 4
19960, 6
19961, 1
19962, 5
19963, 7
19964, 8
19965, 6
19966, 6
19967, 4
19968, 6
19969, 3
19970, 5
19971, 5
19972, 8
19973, 6
19974, 9
19975, 3
19976, 4
19977, 3
19978, 8
19979, 4
20420, 4
20421, 5
20422, 5
20423, 6
20424, 7
20425, 6
20426, 5
20427, 6
20428, 8
20429, 5
20430, 6
20431, 5
20432, 6
20433, 4
20434, 7
20435, 6
20436, 2
20437, 4
20438, 4
20439, 8
20860, 6
20861, 5
20862, 6
20863, 6
20864, 3
20865, 5
20866, 4
20867, 4
20868, 3
20869, 9
20870, 3
20871, 8
20872, 6
20873, 3
20874, 9
20875, 7
20876, 9
20877, 6
20878, 4
20879, 4
21280, 7
21281, 6
21282, 4
21283, 4
21284, 5
21285, 6
21286, 4
21287, 5
21288, 4
21289, 7
21290, 7
21291, 7
21292, 5
21293, 4
21294, 7
21295, 2
21296, 6
21297, 6
21298, 7
21299, 7
21680, 7
21681, 5
21682, 10
21683, 6
21684, 9
21685, 5
21686, 26
21687, 8
21688, 12
21689, 5
21690, 6
21691, 19
21692, 13
21693, 6
21694, 6
21695, 11
21696, 11
21697, 8
21698, 14
21699, 9
22060, 7
22061, 7
22062, 5
22063, 5
22064, 5
22065, 5
22066, 5
22067, 4
22068, 6
22069, 3
22070, 7
22071, 4
22072, 6
22073, 4
22074, 7
22075, 10
22076, 7
22077, 3
22078, 3
22079, 4
22420, 9
22421, 6
22422, 4
22423, 5
22424, 5
22425, 6
22426, 6
22427, 4
22428, 7
22429, 7
22430, 8
22431, 6
22432, 5
22433, 7
22434, 3
22435, 7
22436, 7
22437, 5
22438, 6
22439, 5
22760, 5
22761, 4
22762, 7
22763, 5
22764, 7
22765, 4
22766, 7
22767, 5
22768, 7
22769, 7
22770, 5
22771, 5
22772, 7
22773, 6
22774, 6
22775, 6
22776, 5
22777, 3
22778, 4
22779, 5
23080, 10
23081, 14
23082, 13
23083, 10
23084, 17
23085, 7
23086, 7
23087, 14
23088, 13
23089, 10
23090, 6
23091, 14
23092, 5
23093, 11
23094, 7
23095, 8
23096, 13
23097, 16
23098, 12
23099, 13
23380, 3
23381, 7
23382, 5
23383, 6
23384, 6
23385, 5
23386, 4
23387, 4
23388, 6
23389, 6
23390, 2
23391, 5
23392, 7
23393, 5
23394, 6
23395, 6
23396, 5
23397, 5
23398, 5
23399, 5
23660, 6
23661, 15
23662, 21
23663, 20
23664, 18
23665, 21
23666, 13
23667, 26
23668, 19
23669, 19
23670, 26
23671, 17
23672, 12
23673, 4
23674, 28
23675, 24
23676, 20
23677, 13
23678, 15
23679, 16
23920, 13
23921, 14
23922, 9
23923, 8
23924, 7
23925, 15
23926, 4
23927, 5
23928, 17
23929, 13
23930, 12
23931, 13
23932, 17
23933, 19
23934, 9
23935, 12
23936, 13
23937, 6
23938, 4
23939, 10
24160, 5
24161, 4
24162, 8
24163, 4
24164, 7
24165, 6
24166, 5
24167, 7
24168, 7
24169, 7
24170, 7
24171, 4
24172, 5
24173, 2
24174, 6
24175, 5
24176, 7
24177, 3
24178, 5
24179, 5
24380, 8
24381, 6
24382, 8
24383, 5
24384, 5
24385, 5
24386, 5
24387, 4
24388, 5
24389, 6
24390, 5
24391, 5
24392, 6
24393, 4
24394, 8
24395, 3
24396, 19
24397, 6
24398, 8
24399, 10
24580, 5
24581, 5
24582, 7
24583, 4
24584, 5
24585, 7
24586, 6
24587, 4
24588, 8
24589, 7
24590, 4
24591, 6
24592, 7
24593, 6
24594, 7
24595, 6
24596, 4
24597, 5
24598, 5
24599, 2
24760, 8
24761, 5
24762, 4
24763, 3
24764, 6
24765, 5
24766, 8
24767, 5
24768, 5
24769, 8
24770, 6
24771, 8
24772, 7
24773, 2
24774, 6
24775, 6
24776, 3
24777, 4
24778, 9
24779, 6
24920, 7
24921, 10
24922, 3
24923, 5
24924, 7
24925, 6
24926, 13
24927, 10
24928, 7
24929, 9
24930, 13
24931, 4
24932, 6
24933, 2
24934, 7
24935, 11
24936, 1
24937, 14
24938, 7
24939, 6
25060, 2
25061, 6
25062, 6
25063, 6
25064, 5
25065, 4
25066, 3
25067, 5
25068, 4
25069, 9
25070, 13
25071, 1
25072, 8
25073, 6
25074, 12
25075, 2
25076, 2
25077, 8
25078, 6
25079, 3
25180, 13
25181, 9
25182, 5
25183, 5
25184, 4
25185, 7
25186, 10
25187, 11
25188, 8
25189, 26
25190, 8
25191, 4
25192, 7
25193, 17
25194, 5
25195, 11
25196, 20
25197, 6
25198, 11
25199, 5
25280, 6
25281, 5
25282, 3
25283, 6
25284, 7
25285, 5
25286, 5
25287, 6
25288, 6
25289, 4
25290, 8
25291, 6
25292, 7
25293, 5
25294, 8
25295, 5
25296, 6
25297, 3
25298, 6
25299, 6
25360, 9
25361, 11
25362, 8
25363, 4
25364, 6
25365, 8
25366, 8
25367, 8
25368, 8
25369, 9
25370, 6
25371, 14
25372, 6
25373, 5
25374, 7
25375, 10
25376, 7
25377, 10
25378, 4
25379, 11
25420, 3
25421, 5
25422, 7
25423, 9
25424, 9
25425, 6
25426, 7
25427, 7
25428, 3
25429, 2
25430, 4
25431, 6
25432, 3
25433, 9
25434, 5
25435, 4
25436, 7
25437, 4
25438, 7
25439, 6
25460, 17
25461, 21
25462, 9
25463, 23
25464, 21
25465, 16
25466, 20
25467, 22
25468, 25
25469, 22
25470, 27
25471, 23
25472, 23
25473, 20
25474, 18
25475, 22
25476, 16
25477, 20
25478, 19
25479, 15
25480, 5
25481, 4
25482, 6
25483, 7
25484, 10
25485, 5
25486, 6
25487, 7
25488, 4
25489, 5
25490, 4
25491, 5
25492, 3
25493, 8
25494, 3
25495, 7
25496, 6
25497, 4
25498, 5
25499, 5
