Episode number, episode RL score
0, 38
1, 35
2, 44
3, 38
4, 38
5, 21
6, 44
7, 40
8, 42
9, 42
10, 38
11, 37
12, 42
13, 36
14, 14
15, 20
16, 42
17, 40
18, 42
19, 28
0, 37
1, 25
2, 42
3, 35
4, 28
5, 35
6, 33
7, 10
8, 18
9, 29
10, 25
11, 40
12, 14
13, 44
14, 22
15, 44
16, 30
17, 20
18, 30
19, 15
0, 7
1, 36
2, 40
3, 42
4, 38
5, 42
6, 26
7, 40
8, 42
9, 42
10, 9
11, 38
12, 42
13, 36
14, 25
15, 42
16, 40
17, 42
18, 38
19, 36
0, 35
1, 31
2, 37
3, 31
4, 35
5, 48
6, 40
7, 35
8, 34
9, 29
10, 34
11, 40
12, 23
13, 25
14, 37
15, 37
16, 48
17, 40
18, 35
19, 24
0, 4
1, 8
2, 11
3, 7
4, 40
5, 26
6, 12
7, 7
8, 17
9, 23
10, 13
11, 9
12, 4
13, 5
14, 5
15, 6
16, 8
17, 7
18, 23
19, 1
0, 21
1, 38
2, 22
3, 13
4, 13
5, 14
6, 37
7, 9
8, 26
9, 7
10, 30
11, 20
12, 32
13, 30
14, 9
15, 29
16, 36
17, 27
18, 21
19, 33
0, 23
1, 21
2, 21
3, 19
4, 30
5, 18
6, 20
7, 22
8, 23
9, 22
10, 17
11, 24
12, 25
13, 26
14, 24
15, 25
16, 24
17, 26
18, 25
19, 26
0, 38
1, 40
2, 36
3, 40
4, 46
5, 19
6, 44
7, 42
8, 38
9, 34
10, 46
11, 34
12, 46
13, 36
14, 38
15, 36
16, 42
17, 38
18, 15
19, 46
0, 19
1, 5
2, 24
3, 11
4, 35
5, 31
6, 20
7, 6
8, 33
9, 35
10, 42
11, 24
12, 16
13, 4
14, 27
15, 22
16, 24
17, 30
18, 27
19, 25
0, 28
1, 30
2, 34
3, 25
4, 26
5, 25
6, 24
7, 26
8, 28
9, 24
10, 34
11, 32
12, 29
13, 7
14, 24
15, 19
16, 23
17, 25
18, 29
19, 24
0, 22
1, 19
2, 24
3, 21
4, 25
5, 21
6, 25
7, 22
8, 21
9, 21
10, 23
11, 22
12, 26
13, 22
14, 20
15, 22
16, 21
17, 7
18, 21
19, 11
0, 46
1, 41
2, 42
3, 44
4, 40
5, 33
6, 38
7, 42
8, 38
9, 46
10, 42
11, 24
12, 46
13, 42
14, 31
15, 46
16, 30
17, 42
18, 40
19, 44
0, 27
1, 28
2, 31
3, 28
4, 28
5, 28
6, 25
7, 33
8, 32
9, 36
10, 30
11, 24
12, 29
13, 30
14, 23
15, 34
16, 26
17, 31
18, 33
19, 29
0, 17
1, 15
2, 38
3, 38
4, 32
5, 29
6, 5
7, 36
8, 23
9, 28
10, 18
11, 10
12, 22
13, 13
14, 32
15, 10
16, 28
17, 26
18, 10
19, 34
0, 13
1, 5
2, 31
3, 27
4, 32
5, 24
6, 15
7, 32
8, 21
9, 26
10, 17
11, 21
12, 34
13, 11
14, 16
15, 33
16, 23
17, 30
18, 14
19, 36
0, 10
1, 24
2, 12
3, 33
4, 6
5, 23
6, 19
7, 8
8, 20
9, 22
10, 17
11, 29
12, 22
13, 12
14, 20
15, 12
16, 20
17, 36
18, 17
19, 30
0, 27
1, 37
2, 38
3, 21
4, 33
5, 44
6, 40
7, 46
8, 26
9, 44
10, 32
11, 44
12, 42
13, 42
14, 38
15, 27
16, 36
17, 44
18, 31
19, 29
0, 24
1, 25
2, 22
3, 22
4, 25
5, 24
6, 19
7, 21
8, 27
9, 28
10, 26
11, 22
12, 24
13, 20
14, 30
15, 21
16, 19
17, 23
18, 24
19, 19
0, 31
1, 24
2, 21
3, 28
4, 29
5, 21
6, 31
7, 37
8, 27
9, 28
10, 36
11, 32
12, 44
13, 36
14, 44
15, 26
16, 35
17, 38
18, 30
19, 24
0, 6
1, 19
2, 18
3, 7
4, 23
5, 17
6, 13
7, 5
8, 9
9, 8
10, 24
11, 4
12, 2
13, 14
14, 6
15, 19
16, 23
17, 6
18, 13
19, 10
0, 25
1, 33
2, 24
3, 19
4, 29
5, 20
6, 27
7, 31
8, 19
9, 19
10, 17
11, 25
12, 25
13, 26
14, 26
15, 27
16, 27
17, 34
18, 25
19, 21
0, 38
1, 38
2, 44
3, 44
4, 42
5, 38
6, 42
7, 44
8, 38
9, 40
10, 40
11, 18
12, 40
13, 40
14, 38
15, 42
16, 40
17, 38
18, 38
19, 44
0, 22
1, 19
2, 22
3, 18
4, 20
5, 25
6, 21
7, 8
8, 23
9, 21
10, 23
11, 23
12, 28
13, 21
14, 19
15, 20
16, 13
17, 26
18, 21
19, 20
0, 14
1, 4
2, 4
3, 5
4, 4
5, 5
6, 6
7, 6
8, 17
9, 4
10, 5
11, 5
12, 7
13, 4
14, 6
15, 2
16, 13
17, 6
18, 17
19, 4
0, 29
1, 13
2, 34
3, 25
4, 24
5, 27
6, 27
7, 29
8, 29
9, 34
10, 26
11, 32
12, 25
13, 26
14, 28
15, 14
16, 25
17, 33
18, 29
19, 29
0, 22
1, 20
2, 22
3, 20
4, 22
5, 18
6, 19
7, 22
8, 26
9, 18
10, 23
11, 21
12, 25
13, 24
14, 19
15, 17
16, 21
17, 23
18, 19
19, 21
0, 34
1, 18
2, 40
3, 36
4, 28
5, 38
6, 31
7, 31
8, 42
9, 28
10, 35
11, 22
12, 37
13, 31
14, 19
15, 11
16, 27
17, 31
18, 40
19, 33
0, 20
1, 40
2, 34
3, 42
4, 38
5, 38
6, 23
7, 36
8, 8
9, 42
10, 38
11, 40
12, 38
13, 36
14, 38
15, 26
16, 44
17, 38
18, 38
19, 44
0, 25
1, 29
2, 26
3, 25
4, 31
5, 29
6, 33
7, 34
8, 24
9, 29
10, 32
11, 30
12, 24
13, 27
14, 26
15, 30
16, 29
17, 32
18, 28
19, 32
0, 40
1, 32
2, 21
3, 42
4, 31
5, 34
6, 34
7, 20
8, 37
9, 44
10, 17
11, 36
12, 40
13, 42
14, 13
15, 10
16, 29
17, 44
18, 33
19, 17
0, 42
1, 28
2, 30
3, 34
4, 31
5, 11
6, 23
7, 20
8, 28
9, 27
10, 34
11, 41
12, 40
13, 30
14, 24
15, 35
16, 34
17, 38
18, 5
19, 30
0, 15
1, 44
2, 20
3, 20
4, 13
5, 23
6, 8
7, 22
8, 20
9, 9
10, 13
11, 42
12, 11
13, 15
14, 12
15, 38
16, 34
17, 40
18, 9
19, 33
0, 28
1, 29
2, 38
3, 9
4, 42
5, 38
6, 32
7, 42
8, 26
9, 7
10, 10
11, 12
12, 22
13, 21
14, 30
15, 34
16, 19
17, 7
18, 25
19, 15
0, 34
1, 42
2, 38
3, 42
4, 42
5, 38
6, 42
7, 38
8, 38
9, 42
10, 38
11, 42
12, 36
13, 42
14, 40
15, 44
16, 40
17, 38
18, 42
19, 38
0, 39
1, 34
2, 46
3, 40
4, 42
5, 36
6, 40
7, 42
8, 40
9, 44
10, 48
11, 9
12, 44
13, 28
14, 42
15, 10
16, 38
17, 24
18, 40
19, 46
0, 32
1, 41
2, 40
3, 33
4, 37
5, 34
6, 40
7, 40
8, 31
9, 35
10, 42
11, 40
12, 40
13, 40
14, 31
15, 39
16, 37
17, 34
18, 38
19, 44
0, 28
1, 42
2, 40
3, 34
4, 19
5, 19
6, 46
7, 44
8, 42
9, 40
10, 24
11, 10
12, 44
13, 31
14, 40
15, 40
16, 38
17, 38
18, 38
19, 44
0, 22
1, 25
2, 29
3, 20
4, 26
5, 25
6, 28
7, 16
8, 27
9, 26
10, 24
11, 22
12, 31
13, 24
14, 15
15, 24
16, 23
17, 23
18, 26
19, 24
0, 17
1, 20
2, 29
3, 34
4, 8
5, 39
6, 40
7, 12
8, 36
9, 36
10, 29
11, 32
12, 31
13, 14
14, 31
15, 23
16, 34
17, 42
18, 12
19, 42
0, 38
1, 40
2, 30
3, 37
4, 27
5, 14
6, 40
7, 14
8, 40
9, 42
10, 14
11, 25
12, 33
13, 46
14, 29
15, 18
16, 12
17, 23
18, 16
19, 22
0, 16
1, 38
2, 12
3, 42
4, 15
5, 38
6, 42
7, 44
8, 28
9, 35
10, 38
11, 44
12, 40
13, 27
14, 40
15, 9
16, 8
17, 15
18, 23
19, 42
0, 34
1, 42
2, 29
3, 38
4, 38
5, 16
6, 33
7, 40
8, 27
9, 38
10, 42
11, 24
12, 37
13, 38
14, 27
15, 33
16, 34
17, 23
18, 18
19, 28
0, 36
1, 27
2, 48
3, 40
4, 18
5, 36
6, 44
7, 36
8, 30
9, 13
10, 36
11, 36
12, 34
13, 40
14, 34
15, 42
16, 44
17, 40
18, 40
19, 24
0, 21
1, 25
2, 18
3, 23
4, 27
5, 23
6, 18
7, 20
8, 20
9, 23
10, 21
11, 25
12, 25
13, 23
14, 23
15, 26
16, 20
17, 15
18, 22
19, 18
0, 36
1, 42
2, 36
3, 35
4, 5
5, 38
6, 36
7, 42
8, 40
9, 36
10, 21
11, 44
12, 42
13, 38
14, 38
15, 36
16, 14
17, 22
18, 42
19, 10
0, 28
1, 26
2, 30
3, 28
4, 30
5, 25
6, 33
7, 31
8, 28
9, 23
10, 24
11, 31
12, 23
13, 26
14, 36
15, 15
16, 32
17, 15
18, 22
19, 24
0, 7
1, 19
2, 18
3, 26
4, 25
5, 3
6, 6
7, 11
8, 19
9, 22
10, 4
11, 20
12, 6
13, 24
14, 7
15, 7
16, 26
17, 7
18, 14
19, 8
0, 20
1, 24
2, 19
3, 20
4, 15
5, 12
6, 23
7, 26
8, 23
9, 25
10, 23
11, 8
12, 24
13, 10
14, 22
15, 23
16, 17
17, 21
18, 23
19, 23
0, 33
1, 17
2, 42
3, 29
4, 44
5, 13
6, 22
7, 33
8, 40
9, 22
10, 40
11, 42
12, 44
13, 39
14, 40
15, 44
16, 40
17, 44
18, 35
19, 39
